031033,34.31,-99.81,0.0077
031533,34.29,-99.755,0.00565
032033,34.27,-99.73,0.007
032533,34.26,-99.675,0.00718
033033,34.24,-99.62,0.00823
033534,34.19,-99.535,0.00686
034034,34.175,-99.495,0.0061
034534,34.19,-99.455,0.0141
035034,34.165,-99.39,0.01049
035536,34.105,-99.33,0.00967
040037,34.125,-99.275,0.01178
040539,34.11,-99.225,0.0145
041040,34.085,-99.125,0.01034
041541,34.08,-99.055,0.01608
042041,34.08,-99.055,0.01608
042541,34.04,-98.98,0.02764
043041,34.025,-98.915,0.02299
043542,33.99,-98.83,0.00823
044042,33.98,-98.79,0.00997
044542,33.95,-98.745,0.01664
045043,33.93,-98.7,0.02163
045543,33.91,-98.655,0.01284
050044,33.905,-98.56,0.00668
050544,33.89,-98.53,0.0077
