234007,36.1,-96.415,0.00797
234507,36.11,-96.375,0.00981
235011,36.14,-96.33,0.01125
235511,36.13,-96.3,0.00724
000013,36.125,-96.26,0.00962
000513,36.145,-96.21,0.00821
001015,36.165,-96.19,0.00877
001515,36.2,-96.155,0.00513
002017,36.215,-96.09,0.00266
002517,36.235,-96.08,0.0085
003017,36.225,-96.005,0.00487
003517,36.25,-95.955,0.00296
004018,36.285,-95.94,0.00316
004518,36.335,-95.91,0.00364
005018,36.325,-95.825,0.00183
005524,36.335,-95.76,0.00367
010024,36.385,-95.74,0.00385
010524,36.385,-95.74,0.00385
011025,36.425,-95.715,0.00452
011525,36.415,-95.685,0.00267
012026,36.52,-95.63,0.00181
