203808,33.68,-89.14,0.00439
204309,33.68,-89.1,0.00522
204810,33.68,-89.05,0.00421
205311,33.73,-89.0,0.00403
205813,33.69,-88.955,0.00654
210313,33.72,-88.875,0.00704
210813,33.73,-88.84,0.00616
211317,33.755,-88.785,0.0066
211819,33.715,-88.73,0.00956
212322,33.745,-88.645,0.00596
212826,33.735,-88.625,0.007
213326,33.76,-88.55,0.00563
213827,33.78,-88.52,0.00645
214327,33.79,-88.475,0.00532
214827,33.81,-88.38,0.00456
215329,33.81,-88.36,0.00871
215829,33.825,-88.295,0.00857
220329,33.835,-88.23,0.0065
220832,33.845,-88.16,0.00455
221334,33.83,-88.08,0.00847
221835,33.83,-88.08,0.00574
222337,33.85,-88.01,0.00401
222837,33.855,-87.965,0.00356
223338,33.875,-87.935,0.00894
223838,33.895,-87.795,0.00396
224338,33.935,-87.73,0.00491
224838,33.86,-87.75,0.00484
225338,33.88,-87.72,0.00268
225841,33.88,-87.57,0.00254
230345,33.925,-87.61,0.00386
