212746,33.085,-84.79,0.00138
213246,33.075,-84.73,0.00201
213746,33.1,-84.715,0.00177
214246,33.105,-84.71,0.00172
214747,33.135,-84.585,0.00026
215247,33.14,-84.585,0.00127
215749,33.14,-84.51,0.00063
220249,33.14,-84.45,0.00052
220749,33.14,-84.445,0.00149
221249,33.14,-84.395,0.0011
221749,33.15,-84.35,0.00266
222249,33.15,-84.35,0.00266
222750,33.155,-84.285,0.00241
223250,33.15,-84.24,0.00283
223750,33.16,-84.195,0.00381
224250,33.16,-84.16,0.00972
224751,33.15,-84.11,0.01357
225254,33.155,-84.045,0.01221
225759,33.16,-84.015,0.00642
230301,33.155,-83.96,0.00472
230803,33.14,-83.915,0.00592
231303,33.125,-83.87,0.00565
