195623,38.465,-91.495,0.00561
200124,38.495,-91.34,0.00882
200626,38.51,-91.255,0.00812
201126,38.535,-91.24,0.00971
201626,38.58,-91.18,0.01069
202126,38.575,-91.07,0.00896
202626,38.59,-90.98,0.01147
203126,38.63,-90.955,0.00889
203626,38.655,-90.83,0.00687
204127,38.685,-90.775,0.00579
204629,38.65,-90.72,0.00199
205130,38.7,-90.56,0.01803
205630,38.7,-90.56,0.01327
210130,38.745,-90.465,0.00807
210630,38.75,-90.325,0.01263
211132,38.77,-90.255,0.01595
211633,38.755,-90.185,0.00592
212136,38.8,-90.12,0.0072
212636,38.805,-90.065,0.01226
213138,38.835,-90.0,0.01013
213639,38.825,-89.92,0.01035
