075044,38.405,-91.44,0.00629
075545,38.435,-91.34,0.00762
080050,38.445,-91.285,0.00721
080550,38.485,-91.175,0.01282
081052,38.51,-91.095,0.01248
081552,38.555,-90.985,0.00992
082052,38.565,-90.915,0.00912
082552,38.57,-90.855,0.00812
083053,38.635,-90.77,0.00322
083554,38.605,-90.72,0.00344
084054,38.69,-90.595,0.01001
084558,38.645,-90.525,0.00849
085058,38.73,-90.475,0.01164
085558,38.76,-90.325,0.00899
090059,38.745,-90.27,0.01365
090559,38.76,-90.19,0.01064
091059,38.81,-90.095,0.00813
091600,38.82,-90.06,0.01296
092101,38.85,-89.99,0.00623
