225022,45.845,-109.555,0.01074
225524,45.865,-109.515,0.00922
230025,45.82,-109.425,0.00611
230526,45.875,-109.42,0.00476
231032,45.9,-109.335,0.01174
231534,45.905,-109.295,0.00642
232034,45.89,-109.21,0.0132
232534,45.885,-109.155,0.01051
233034,45.9,-109.095,0.01041
233536,45.92,-109.02,0.00434
234036,45.855,-108.885,0.01075
234537,45.865,-108.845,0.0126
235037,45.955,-108.81,0.0247
235538,45.88,-108.755,0.00835
000038,45.905,-108.635,0.01065
000538,45.91,-108.6,0.01021
001038,45.945,-108.56,0.01172
001538,45.94,-108.485,0.01101
002038,45.945,-108.375,0.00701
002538,45.92,-108.305,0.01358
003038,45.92,-108.21,0.01491
003539,45.94,-108.235,0.01356
004040,45.965,-108.095,0.01398
004541,45.965,-108.085,0.02276
005042,45.96,-107.97,0.0202
005544,45.96,-107.92,0.0101
010045,45.935,-107.89,0.00924
010545,45.98,-107.775,0.00922
011046,45.96,-107.695,0.00893
