013443,35.405,-90.025,0.00545
013944,35.48,-90.0,0.0046
014444,35.43,-89.955,0.0048
014944,35.475,-89.93,0.00439
015445,35.44,-89.92,0.00333
015947,35.475,-89.885,0.00347
020447,35.46,-89.855,0.00631
020949,35.435,-89.815,0.00446
021453,35.44,-89.685,0.00398
021953,35.41,-89.705,0.00723
022453,35.415,-89.67,0.00791
022953,35.455,-89.61,0.00409
023453,35.425,-89.595,0.00543
023954,35.485,-89.52,0.00372
024454,35.47,-89.47,0.00367
024955,35.5,-89.435,0.00338
025501,35.48,-89.34,0.0027
030001,35.505,-89.31,0.00341
030501,35.46,-89.335,0.00421
031001,35.485,-89.295,0.00304
031501,35.455,-89.225,0.00415
032001,35.46,-89.195,0.00677
032501,35.505,-89.125,0.00821
