182806,25.84,-80.41,0.00483
183308,25.855,-80.4,0.00643
183810,25.89,-80.37,0.00893
184313,25.88,-80.285,0.00936
184815,25.885,-80.34,0.00564
185319,25.895,-80.33,0.00556
185820,25.885,-80.285,0.00617
190320,25.88,-80.28,0.00622
190820,25.895,-80.26,0.00695
191320,25.91,-80.235,0.00712
191820,25.91,-80.24,0.00488
192321,25.89,-80.21,0.00997
192822,25.9,-80.195,0.00693
193323,25.89,-80.175,0.01345
193826,25.895,-80.175,0.01022
194329,25.915,-80.145,0.0068
194829,25.905,-80.135,0.00691
195330,25.895,-80.11,0.00592
195831,25.92,-80.095,0.00601
200333,25.93,-80.055,0.0042
200835,25.89,-80.06,0.00442
201335,25.945,-79.985,0.00346
201836,25.925,-80.025,0.00304
