052024,35.46,-97.055,0.00159
052528,35.445,-97.03,0.00194
053028,35.425,-97.01,0.00264
053528,35.375,-97.035,0.0024
054029,35.395,-97.005,0.00206
054530,35.4,-96.95,0.00668
055030,35.4,-96.935,0.00797
055530,35.405,-96.885,0.01325
060030,35.405,-96.885,0.01325
060530,35.41,-96.89,0.01058
061035,35.395,-96.83,0.01217
061536,35.4,-96.85,0.01143
062036,35.4,-96.85,0.01143
062537,35.405,-96.83,0.00975
063038,35.41,-96.79,0.0102
063538,35.405,-96.77,0.01134
064041,35.405,-96.77,0.01134
064542,35.45,-96.755,0.0067
