002055,40.105,-98.435,0.00211
002555,40.125,-98.33,0.00261
003056,40.175,-98.32,0.00581
003556,40.12,-98.3,0.00499
004058,40.14,-98.28,0.00536
004559,40.135,-98.26,0.00997
005100,40.025,-98.24,0.00751
005602,40.005,-98.235,0.01152
010102,40.005,-98.235,0.01152
010602,39.985,-98.21,0.01065
011102,39.985,-98.25,0.01175
011602,40.02,-98.23,0.01169
012103,39.945,-98.2,0.0106
012605,39.94,-98.175,0.00946
013105,39.995,-98.16,0.00904
013607,39.995,-98.155,0.0087
014109,39.925,-98.12,0.00644
014613,39.91,-98.07,0.00679
