171335,34.385,-81.645,0.00402
171835,34.385,-81.645,0.00402
172337,34.455,-81.605,0.00342
172838,34.385,-81.555,0.00359
173340,34.38,-81.555,0.00406
173840,34.39,-81.515,0.00432
174340,34.385,-81.475,0.00417
174840,34.37,-81.425,0.00307
175340,34.395,-81.3,0.00299
175845,34.395,-81.295,0.00316
180346,34.335,-81.31,0.00142
180848,34.315,-81.28,0.00192
181348,34.36,-81.16,0.00063
181849,34.36,-81.2,0.00034
182349,34.28,-81.17,0.00931
182852,34.255,-81.135,0.00669
183352,34.325,-81.095,0.00415
183857,34.295,-81.035,0.00988
184358,34.29,-81.0,0.01296
184858,34.29,-80.97,0.00762
185400,34.26,-80.93,0.01637
185905,34.27,-80.845,0.00792
190406,34.24,-80.795,0.00765
190906,34.245,-80.765,0.01009
191407,34.185,-80.785,0.00849
191907,34.17,-80.755,0.00835
192407,34.195,-80.675,0.00858
192907,34.195,-80.675,0.00858
193407,34.175,-80.615,0.01058
193907,34.175,-80.55,0.01295
194407,34.155,-80.56,0.00821
194908,34.16,-80.485,0.01353
195412,34.14,-80.45,0.00682
195912,34.12,-80.39,0.01012
