020434,39.7,-89.965,0.01084
020934,39.72,-89.895,0.01257
021434,39.755,-89.81,0.01133
021934,39.765,-89.8,0.01201
022434,39.78,-89.715,0.02083
022935,39.82,-89.66,0.01731
023435,39.845,-89.565,0.02535
023936,39.865,-89.515,0.01703
024436,39.885,-89.475,0.0193
024936,39.9,-89.44,0.01861
025436,39.925,-89.375,0.02574
025940,39.94,-89.325,0.03362
030445,39.965,-89.295,0.02421
030946,40.035,-89.23,0.01401
031446,40.005,-89.18,0.01946
031946,40.04,-89.12,0.01846
032448,40.1,-89.025,0.01302
032948,40.08,-88.995,0.01536
033448,40.105,-88.955,0.0103
033950,40.2,-88.81,0.0175
034452,40.2,-88.81,0.0175
034952,40.19,-88.735,0.01043
035452,40.215,-88.695,0.01727
035954,40.235,-88.635,0.01118
040455,40.3,-88.52,0.00835
040957,40.295,-88.525,0.00761
