175947,32.205,-80.63,0.00447
180451,32.23,-80.655,0.00615
180951,32.28,-80.665,0.00775
181452,32.3,-80.69,0.00944
181955,32.33,-80.715,0.01057
182455,32.365,-80.735,0.00964
182957,32.39,-80.74,0.00886
183457,32.43,-80.755,0.01161
183957,32.465,-80.76,0.00435
184457,32.495,-80.775,0.00704
184959,32.54,-80.765,0.00942
185459,32.505,-80.78,0.00867
190000,32.52,-80.78,0.00971
190500,32.555,-80.795,0.00976
191000,32.585,-80.8,0.00673
191501,32.62,-80.81,0.00577
192002,32.615,-80.815,0.00496
192502,32.715,-80.815,0.00382
193002,32.67,-80.83,0.00571
193505,32.715,-80.84,0.00511
194005,32.755,-80.84,0.00544
194505,32.82,-80.85,0.00676
195006,32.835,-80.86,0.00928
195506,32.87,-80.86,0.00855
200007,32.9,-80.855,0.00805
200507,32.92,-80.865,0.00631
201007,32.93,-80.83,0.00737
201508,32.945,-80.83,0.00725
202010,32.945,-80.83,0.00725
202510,32.94,-80.83,0.00803
203010,32.995,-80.83,0.00763
203512,33.005,-80.83,0.00738
204013,33.05,-80.84,0.00741
204515,33.035,-80.845,0.00714
