211244,33.51,-84.92,0.01096
211744,33.515,-84.895,0.00818
212244,33.53,-84.83,0.0078
212746,33.535,-84.8,0.01156
213246,33.53,-84.78,0.01341
213746,33.535,-84.755,0.01513
214246,33.53,-84.71,0.01392
214747,33.52,-84.67,0.01965
215247,33.525,-84.63,0.0195
215749,33.52,-84.6,0.0111
220249,33.53,-84.55,0.01348
220749,33.53,-84.505,0.01547
221249,33.535,-84.44,0.0135
221749,33.525,-84.39,0.01584
222249,33.52,-84.37,0.02428
222750,33.51,-84.335,0.02187
223250,33.505,-84.31,0.01804
223750,33.505,-84.275,0.01203
224250,33.5,-84.2,0.01414
