034452,36.85,-94.18,0.00583
034952,36.88,-94.035,0.0126
035452,36.895,-94.04,0.01064
035954,36.92,-93.965,0.01437
040455,36.96,-93.905,0.0109
040957,36.97,-93.745,0.0273
041457,37.005,-93.73,0.02197
042001,37.005,-93.685,0.02663
042501,37.045,-93.575,0.02967
043002,37.045,-93.555,0.04104
043503,37.07,-93.46,0.04101
044003,37.085,-93.395,0.02362
044503,37.105,-93.29,0.01448
045006,37.13,-93.22,0.01323
045508,37.165,-93.12,0.02192
050008,37.195,-93.055,0.01248
050508,37.2,-92.985,0.01346
051008,37.23,-92.955,0.01919
051509,37.25,-92.85,0.02041
052010,37.26,-92.825,0.02638
052510,37.285,-92.755,0.02522
053010,37.315,-92.68,0.01858
