212855,36.1,-79.21,0.00362
213357,36.08,-79.145,0.00839
213858,36.075,-79.055,0.00881
214358,36.085,-79.01,0.00755
214858,36.04,-78.97,0.00807
215358,36.08,-78.94,0.0085
215859,36.04,-78.865,0.00885
220359,36.01,-78.79,0.01189
220859,35.995,-78.75,0.01383
221402,35.99,-78.705,0.01415
221908,36.005,-78.61,0.0111
222409,36.02,-78.55,0.00908
222911,36.0,-78.515,0.00999
223412,36.03,-78.455,0.01119
223914,36.005,-78.425,0.01434
224415,35.985,-78.395,0.01247
224915,35.96,-78.315,0.01664
225415,35.96,-78.315,0.01664
225916,35.98,-78.215,0.01434
230416,35.965,-78.22,0.01379
230918,35.985,-78.115,0.00835
231422,35.96,-78.04,0.00869
231923,35.955,-78.03,0.00728
232424,35.94,-78.01,0.00808
232925,35.955,-77.955,0.00741
233431,35.905,-77.88,0.00686
233931,35.935,-77.81,0.00531
