001052,46.83,-114.44,0.00331
001553,46.855,-114.43,0.00889
002053,46.875,-114.405,0.01268
002553,46.895,-114.405,0.01602
003053,46.92,-114.42,0.01181
003555,46.965,-114.38,0.01167
004058,47.02,-114.365,0.00468
004558,47.005,-114.365,0.01158
005059,47.04,-114.36,0.01155
005559,47.105,-114.385,0.01048
010100,47.105,-114.385,0.01048
010600,47.145,-114.35,0.0084
011103,47.18,-114.32,0.01099
011605,47.21,-114.305,0.01036
012105,47.23,-114.305,0.01109
012606,47.28,-114.31,0.00566
013107,47.36,-114.355,0.00491
