211417,29.64,-98.39,0.01422
211917,29.715,-98.31,0.00904
212417,29.725,-98.33,0.00946
212918,29.715,-98.29,0.00927
213418,29.735,-98.27,0.01103
213918,29.715,-98.235,0.00723
214418,29.755,-98.115,0.00498
214918,29.795,-98.07,0.00538
215418,29.765,-98.135,0.00544
215919,29.735,-98.095,0.00694
220419,29.8,-97.995,0.0122
220919,29.79,-98.015,0.01322
221420,29.8,-97.975,0.01466
221921,29.815,-97.91,0.01557
222421,29.8,-97.91,0.01727
222921,29.82,-97.865,0.01546
223423,29.84,-97.825,0.01282
223924,29.815,-97.79,0.01262
224424,29.83,-97.755,0.00876
224924,29.835,-97.74,0.01574
225425,29.845,-97.665,0.01971
225925,29.845,-97.665,0.01971
230425,29.86,-97.56,0.00868
230925,29.88,-97.53,0.00497
231427,29.88,-97.52,0.01124
231928,29.885,-97.535,0.00468
232430,29.905,-97.425,0.00944
232930,29.92,-97.39,0.00873
233430,29.94,-97.345,0.00555
