192358,34.81,-77.495,0.00406
192902,34.79,-77.46,0.00563
193404,34.815,-77.44,0.00717
193904,34.84,-77.375,0.0041
194404,34.84,-77.375,0.00379
194906,34.865,-77.34,0.00484
195407,34.88,-77.315,0.00253
195907,34.9,-77.27,0.00051
200407,34.915,-77.165,-1e-05
200907,34.98,-77.165,0.0004
201407,34.96,-77.18,0.00028
201907,34.99,-77.1,0.0007
202407,34.99,-77.1,0.0007
202908,35.005,-77.08,0.00032
203409,35.035,-77.055,7e-05
203915,35.075,-76.975,0.00156
204415,35.075,-76.975,0.00156
204916,35.155,-76.865,0.00436
205418,35.14,-76.91,0.00604
205918,35.175,-76.805,0.00578
210420,35.175,-76.805,0.00578
210920,35.175,-76.805,0.00578
211421,35.21,-76.79,0.00257
211924,35.225,-76.75,0.00288
212427,35.23,-76.665,0.00188
212927,35.235,-76.6,0.00207
213430,35.265,-76.62,0.00201
213930,35.33,-76.615,0.00108
214430,35.31,-76.58,0.00155
214933,35.335,-76.56,0.00116
