160327,38.375,-94.695,0.00536
160828,38.395,-94.67,0.00556
161332,38.39,-94.66,0.00536
161833,38.4,-94.595,0.00655
162334,38.4,-94.595,0.00655
162835,38.47,-94.555,0.00801
163336,38.44,-94.5,0.0083
163838,38.455,-94.435,0.01141
164339,38.45,-94.43,0.01116
164840,38.455,-94.4,0.01172
165342,38.465,-94.38,0.01548
165843,38.465,-94.38,0.01548
170343,38.45,-94.34,0.01198
170845,38.46,-94.275,0.01376
171345,38.48,-94.265,0.0155
171846,38.48,-94.23,0.01362
172346,38.44,-94.19,0.01399
172847,38.47,-94.175,0.02124
173349,38.48,-94.14,0.0064
173849,38.485,-94.09,0.01288
174356,38.49,-94.03,0.01175
174901,38.505,-93.98,0.02121
175401,38.495,-93.955,0.0147
175901,38.485,-93.91,0.01529
180401,38.49,-93.875,0.015
180901,38.49,-93.91,0.0148
181401,38.49,-93.845,0.01368
181901,38.5,-93.805,0.01158
182401,38.505,-93.735,0.01078
182901,38.51,-93.72,0.01057
183401,38.525,-93.69,0.00966
183901,38.53,-93.665,0.00814
184402,38.53,-93.645,0.00837
184902,38.515,-93.595,0.00997
185402,38.495,-93.555,0.00825
