001922,31.685,-101.19,0.00582
002422,31.675,-101.135,0.00656
002923,31.66,-101.12,0.00822
003427,31.66,-101.11,0.00796
003927,31.615,-101.09,0.00841
004430,31.595,-101.04,0.00798
004931,31.58,-101.04,0.01002
005432,31.56,-101.015,0.00552
005934,31.545,-101.02,0.00687
010434,31.55,-100.96,0.00852
010934,31.54,-101.025,0.0071
011435,31.505,-101.005,0.00715
011935,31.49,-100.94,0.0091
012437,31.52,-100.955,0.00642
012939,31.475,-100.95,0.00674
013439,31.52,-100.845,0.00518
013939,31.52,-100.835,0.00563
014439,31.52,-100.825,0.00334
014939,31.44,-100.88,0.0023
015440,31.44,-100.875,0.00199
015940,31.4,-100.78,0.00184
020441,31.365,-100.78,0.00331
020941,31.365,-100.78,0.00331
021441,31.365,-100.78,0.00331
021941,31.38,-100.735,0.00389
022444,31.32,-100.66,0.00446
022945,31.315,-100.655,0.00482
023446,31.325,-100.635,0.00201
023948,31.265,-100.66,0.00476
024448,31.27,-100.655,0.00463
024949,31.27,-100.655,0.00463
025449,31.24,-100.595,0.00406
025949,31.315,-100.54,0.00338
030451,31.24,-100.605,0.00447
030955,31.185,-100.535,0.00596
031456,31.18,-100.575,0.00599
031956,31.16,-100.515,0.00612
032456,31.15,-100.5,0.00561
032957,31.165,-100.51,0.00561
