212303,36.8,-77.7,0.00377
212803,36.745,-77.735,0.00267
213304,36.78,-77.655,0.00337
213804,36.815,-77.59,0.00367
214304,36.805,-77.615,0.00414
214805,36.85,-77.525,0.00528
215305,36.84,-77.505,0.00595
215805,36.86,-77.475,0.00844
220305,36.885,-77.425,0.00733
220806,36.91,-77.38,0.00595
221307,37.005,-77.32,0.00833
221807,36.97,-77.3,0.00775
222307,37.035,-77.21,0.01006
222808,37.08,-77.19,0.01069
223308,37.065,-77.165,0.02305
223808,37.045,-77.105,0.00742
224314,37.06,-77.11,0.00955
224814,37.105,-77.03,0.01247
225317,37.105,-77.03,0.01247
225817,37.15,-76.96,0.01096
230317,37.17,-76.92,0.01161
230818,37.17,-76.92,0.01099
231318,37.205,-76.85,0.01468
231818,37.22,-76.82,0.01672
