003517,32.68,-100.115,0.01636
004018,32.7,-100.05,0.01171
004519,32.6,-100.0,0.01018
005019,32.69,-99.975,0.0123
005522,32.68,-99.94,0.01012
010022,32.675,-99.865,0.00879
010523,32.65,-99.85,0.0129
011025,32.635,-99.765,0.01148
011526,32.65,-99.745,0.01124
012027,32.63,-99.73,0.02152
012531,32.585,-99.64,0.03147
013034,32.585,-99.64,0.02485
013535,32.585,-99.545,0.03963
014035,32.585,-99.545,0.03963
014539,32.59,-99.52,0.03259
015039,32.6,-99.48,0.02058
015539,32.58,-99.435,0.01498
020039,32.565,-99.36,0.01125
020539,32.565,-99.36,0.01125
021042,32.57,-99.31,0.00636
021543,32.575,-99.2,0.0059
022043,32.555,-99.16,0.00794
022543,32.56,-99.17,0.00916
023045,32.56,-99.095,0.00919
023546,32.56,-99.095,0.00919
024046,32.565,-99.0,0.00874
024548,32.575,-98.955,0.00978
025049,32.565,-98.975,0.0108
025550,32.53,-98.845,0.0095
030051,32.55,-98.825,0.01426
030553,32.535,-98.78,0.01667
031055,32.565,-98.755,0.01695
031555,32.59,-98.74,0.01397
032055,32.505,-98.7,0.01266
