133221,38.505,-96.91,0.00703
133721,38.56,-96.885,0.0066
134221,38.6,-96.835,0.00748
134721,38.72,-96.765,0.00595
135222,38.68,-96.74,0.00986
135723,38.72,-96.695,0.02224
140224,38.765,-96.66,0.01429
140725,38.855,-96.615,0.01106
141227,38.93,-96.505,0.00799
141728,38.9,-96.46,0.01003
142231,38.975,-96.365,0.00484
142732,39.02,-96.325,0.00587
143233,39.06,-96.365,0.00528
143735,39.11,-96.3,0.00521
144235,39.12,-96.25,0.00483
144735,39.18,-96.18,0.00589
145237,39.215,-96.105,0.00635
145737,39.255,-96.04,0.00445
150240,39.285,-96.06,0.00587
150741,39.34,-96.02,0.00511
151241,39.38,-95.9,0.00622
151742,39.415,-95.92,0.00295
152244,39.465,-95.87,0.00274
