203432,38.945,-90.575,0.00583
203935,38.94,-90.57,0.0066
204437,38.94,-90.57,0.0066
204937,38.96,-90.515,0.00893
205437,38.97,-90.485,0.00979
205938,38.975,-90.45,0.00532
210438,39.0,-90.42,0.00276
210938,39.0,-90.355,0.0014
211438,38.995,-90.355,0.00264
211938,38.985,-90.295,0.00266
212438,38.945,-90.25,0.0047
212938,38.95,-90.22,0.00661
213439,38.975,-90.185,0.0052
213939,38.975,-90.15,0.00703
214443,38.96,-90.12,0.00737
214944,38.945,-90.05,0.00894
215444,38.95,-90.04,0.00677
215944,38.94,-89.995,0.0034
220445,38.94,-89.95,0.00313
220947,38.95,-89.875,0.00306
221447,38.95,-89.83,0.00204
221947,38.945,-89.795,0.0021
