225952,39.13,-84.39,0.0027
230452,39.15,-84.395,0.00321
230953,39.165,-84.38,0.00303
231453,39.175,-84.38,0.00316
231953,39.205,-84.34,0.00529
232455,39.22,-84.32,0.00622
232955,39.235,-84.3,0.00768
233455,39.24,-84.28,0.00813
233955,39.26,-84.26,0.01211
234455,39.29,-84.21,0.01234
234955,39.29,-84.21,0.01234
235456,39.315,-84.17,0.00846
235956,39.34,-84.12,0.00668
000456,39.345,-84.12,0.00654
001001,39.375,-84.09,0.01151
001502,39.375,-84.09,0.01151
002002,39.385,-84.075,0.00914
002502,39.42,-84.005,0.00974
003009,39.425,-83.985,0.01196
003509,39.44,-83.965,0.0125
004009,39.445,-83.96,0.00921
004510,39.465,-83.895,0.00839
005010,39.475,-83.89,0.01109
005510,39.485,-83.87,0.0122
010012,39.485,-83.87,0.0122
010512,39.485,-83.835,0.01031
011012,39.495,-83.82,0.009
011515,39.495,-83.815,0.00769
012016,39.53,-83.77,0.00518
012525,39.54,-83.745,0.00546
