193907,33.495,-85.15,0.008
194408,33.48,-85.13,0.00666
194911,33.435,-85.11,0.01281
195411,33.405,-85.075,0.0126
195914,33.405,-85.075,0.0126
200414,33.37,-85.01,0.00327
200915,33.295,-85.055,0.00218
201417,33.315,-84.965,0.00268
201917,33.275,-85.04,0.00562
202418,33.235,-85.0,0.00389
202918,33.21,-84.94,0.00891
203420,33.18,-84.925,0.00944
203922,33.15,-84.92,0.00663
204422,33.08,-84.925,0.00997
204922,33.08,-84.925,0.00997
205422,33.0,-84.9,0.00641
205922,32.995,-84.86,0.00708
210423,32.975,-84.84,0.00741
210924,32.935,-84.82,0.00788
211424,32.935,-84.82,0.00788
211924,32.87,-84.825,0.00744
212424,32.855,-84.79,0.00691
212930,32.8,-84.82,0.00713
213430,32.8,-84.82,0.00713
213932,32.77,-84.75,0.00654
