020543,40.295,-86.76,0.00307
021043,40.295,-86.735,0.00564
021543,40.26,-86.66,0.00473
022043,40.19,-86.585,0.01084
022543,40.19,-86.51,0.00565
023043,40.125,-86.445,0.00923
023543,40.12,-86.445,0.00919
024044,40.095,-86.4,0.01737
024544,40.04,-86.305,0.0124
025044,40.015,-86.27,0.00387
025547,39.965,-86.22,0.00316
030047,39.955,-86.095,0.00539
030552,39.915,-86.025,0.00513
031052,39.88,-85.985,0.00552
031552,39.84,-85.975,0.0058
032052,39.815,-85.93,0.008
032552,39.775,-85.865,0.00821
033052,39.74,-85.82,0.00632
033552,39.69,-85.77,0.00606
034054,39.665,-85.73,0.00812
034554,39.635,-85.585,0.00547
035054,39.51,-85.525,0.00398
035554,39.505,-85.545,0.0058
