210733,41.42,-86.405,0.00371
211234,41.44,-86.38,0.00195
211734,41.45,-86.32,0.00359
212235,41.46,-86.25,0.00321
212735,41.41,-86.195,0.00348
213236,41.42,-86.11,0.00309
213736,41.44,-86.05,0.00253
214236,41.475,-85.905,0.00156
214737,41.475,-85.895,0.00189
215237,41.46,-85.805,0.00242
215739,41.45,-85.785,0.00657
220239,41.47,-85.735,0.00517
220740,41.48,-85.675,0.00693
221241,41.48,-85.62,0.00312
221741,41.48,-85.56,0.00128
222242,41.48,-85.495,0.00318
222742,41.49,-85.425,0.00389
223242,41.495,-85.37,0.00439
223743,41.495,-85.285,0.00426
224245,41.455,-85.24,0.00684
224746,41.5,-85.125,0.00597
225247,41.46,-85.1,0.00285
225747,41.445,-85.025,0.00238
230247,41.46,-84.995,0.00385
