160759,34.8,-90.335,0.0033
161300,34.84,-90.26,0.00289
161801,34.87,-90.185,0.0027
162301,34.895,-90.155,0.00444
162801,34.915,-90.1,0.00514
163302,34.945,-90.015,0.00615
163803,34.98,-89.94,0.00624
164304,35.025,-89.87,0.00723
164804,35.06,-89.805,0.01395
165306,35.025,-89.74,0.00912
165806,35.085,-89.7,0.01001
170306,35.105,-89.57,0.00851
170806,35.1,-89.555,0.01212
171307,35.155,-89.465,0.0097
171807,35.18,-89.34,0.00903
172309,35.185,-89.295,0.01525
172809,35.22,-89.225,0.0126
173309,35.23,-89.19,0.01018
173809,35.255,-89.105,0.00808
