215946,33.265,-102.195,0.00337
220447,33.28,-102.16,0.00456
220951,33.3,-102.075,0.00859
221451,33.3,-102.075,0.00859
221951,33.315,-101.995,0.01225
222451,33.315,-102.04,0.0065
222956,33.3,-102.035,-99900.0
223459,33.3,-102.0,-99900.0
223959,33.3,-101.955,0.00136
224459,33.295,-101.925,0.00331
224959,33.295,-101.9,0.00955
225459,33.295,-101.85,0.01228
225959,33.28,-101.84,0.00802
230459,33.28,-101.84,0.00802
230959,33.27,-101.78,0.00746
231501,33.275,-101.755,0.01093
232002,33.275,-101.74,0.013
232503,33.26,-101.72,0.00874
233003,33.245,-101.65,0.01724
233503,33.245,-101.65,0.01724
234004,33.245,-101.65,0.01724
234504,33.245,-101.605,0.0225
235004,33.21,-101.515,0.01999
235504,33.21,-101.515,0.01999
000006,33.21,-101.515,0.01999
000509,33.21,-101.515,0.01999
