211913,31.96,-97.435,0.01323
212414,32.005,-97.43,0.01436
212914,32.085,-97.4,0.01722
213414,32.135,-97.39,0.02091
213917,32.155,-97.365,0.02167
214421,32.165,-97.375,0.02185
214921,32.215,-97.36,0.01576
215421,32.245,-97.33,0.02593
215922,32.295,-97.315,0.01515
220423,32.34,-97.295,0.01615
220924,32.4,-97.25,0.0149
221424,32.445,-97.24,0.02087
221924,32.465,-97.25,0.01734
222424,32.53,-97.205,0.01757
222925,32.585,-97.2,0.00889
223425,32.615,-97.21,0.00426
223925,32.66,-97.2,0.00437
224425,32.7,-97.195,0.00527
224925,32.765,-97.145,0.00873
225426,32.85,-97.095,0.0065
225927,32.875,-97.135,0.00808
230427,32.905,-97.105,0.00639
230927,32.925,-97.075,0.00575
231427,32.99,-97.08,0.00569
