001917,34.915,-86.96,0.00411
002417,34.99,-86.85,0.00543
002918,35.0,-86.78,0.00939
003421,35.02,-86.725,0.0079
003921,34.965,-86.665,0.0105
004422,35.02,-86.615,0.0111
004922,35.005,-86.555,0.01324
005422,35.03,-86.48,0.01181
005922,35.08,-86.435,0.0122
010422,35.065,-86.345,0.01313
010924,35.08,-86.3,0.01322
011424,35.07,-86.23,0.00917
011924,35.04,-86.175,0.00611
012425,35.06,-86.08,0.00698
012925,35.065,-86.035,0.00787
013428,35.105,-85.975,0.00154
013928,35.165,-85.89,0.00637
014429,35.105,-85.84,0.00735
