214418,44.385,-103.46,0.00422
214918,44.38,-103.455,0.0075
215418,44.35,-103.36,0.00612
215918,44.355,-103.39,0.00493
220421,44.355,-103.33,0.00748
220922,44.345,-103.33,0.00513
221422,44.34,-103.31,0.00272
221922,44.33,-103.27,0.00431
222422,44.32,-103.355,-99900.0
222922,44.315,-103.335,-99900.0
223423,44.3,-103.32,-99900.0
223924,44.295,-103.3,-99900.0
224425,44.28,-103.295,-99900.0
224925,44.275,-103.275,-99900.0
225429,44.26,-103.26,-99900.0
225929,44.255,-103.17,0.00245
230429,44.24,-103.235,-99900.0
230931,44.235,-103.22,-99900.0
231432,44.22,-103.2,-99900.0
231932,44.215,-103.195,-99900.0
232433,44.21,-103.175,0.00187
232935,44.2,-103.15,0.00144
233435,44.195,-103.14,-99900.0
233938,44.18,-103.135,-99900.0
234439,44.145,-103.115,0.00668
234939,44.16,-103.085,0.00028
235439,44.155,-103.03,0.00057
235940,44.125,-103.075,0.00358
000441,44.1,-103.04,0.00421
000941,44.12,-103.04,0.00702
001442,44.115,-103.03,0.01031
001942,44.095,-103.015,0.0084
002442,44.095,-102.985,0.00524
002943,43.985,-102.915,0.00702
003445,43.985,-102.915,0.00702
003947,43.97,-102.875,0.00672
004455,43.96,-102.865,0.00784
004955,43.98,-102.88,0.00953
005455,44.02,-102.875,0.01017
