210345,38.82,-83.66,0.00277
210846,38.865,-83.675,0.00282
211346,38.89,-83.67,0.00383
211847,38.91,-83.665,0.00367
212347,38.91,-83.665,0.00367
212849,38.93,-83.64,0.0028
213350,38.945,-83.635,0.0035
213851,38.995,-83.615,0.00572
214359,39.01,-83.605,0.00606
214900,39.025,-83.585,0.00462
215400,39.055,-83.57,0.00659
215903,39.065,-83.555,0.00732
220404,39.095,-83.545,0.00868
220904,39.13,-83.525,0.00953
221404,39.145,-83.525,0.00912
221911,39.185,-83.505,0.00665
222411,39.22,-83.5,0.00357
222911,39.225,-83.485,0.00493
223411,39.285,-83.525,0.00292
223915,39.285,-83.51,0.00567
224418,39.32,-83.51,0.00383
224918,39.34,-83.5,0.00435
225418,39.365,-83.445,0.00294
225919,39.4,-83.465,0.00191
230420,39.46,-83.435,0.00087
230921,39.45,-83.425,0.00078
231421,39.48,-83.405,0.00045
231921,39.585,-83.455,0.00202
232422,39.635,-83.455,0.00442
232922,39.655,-83.455,0.00379
