192006,36.725,-89.52,0.00164
192506,36.785,-89.455,0.00172
193009,36.795,-89.42,0.00202
193510,36.81,-89.34,0.00194
194014,36.88,-89.325,0.00208
194515,36.87,-89.28,0.00591
195015,36.915,-89.23,0.00823
195517,36.96,-89.155,0.01342
200017,36.975,-89.105,0.008
200517,37.005,-89.08,0.01068
201023,36.98,-89.04,0.00243
201523,37.05,-88.995,-99900.0
202023,37.075,-88.94,-99900.0
202523,37.1,-88.825,0.0008
203023,37.1,-88.845,0.0052
203526,37.12,-88.8,0.00294
204031,37.175,-88.74,0.00206
204531,37.19,-88.7,0.0037
205034,37.21,-88.66,0.01591
205535,37.21,-88.615,0.01831
210035,37.235,-88.56,0.02056
210535,37.255,-88.51,0.02759
211039,37.275,-88.445,0.03568
211539,37.305,-88.385,0.0287
212041,37.325,-88.355,0.0155
212541,37.335,-88.305,0.01288
213045,37.35,-88.255,0.01305
213547,37.375,-88.21,0.01231
214047,37.38,-88.11,0.01604
214547,37.365,-88.115,0.0106
