135238,47.925,-98.15,0.00368
135739,47.915,-98.12,0.00324
140239,47.885,-98.085,0.0036
140740,47.825,-98.045,0.00258
141241,47.835,-98.035,0.00259
141744,47.8,-97.995,0.00718
142244,47.76,-97.96,0.00436
142744,47.755,-97.94,0.00376
143249,47.66,-97.895,0.00778
143749,47.68,-97.83,0.00575
144250,47.65,-97.82,0.00724
144751,47.62,-97.815,0.00768
145251,47.57,-97.755,0.00662
145752,47.57,-97.755,0.00763
150254,47.54,-97.73,0.00959
150755,47.515,-97.67,0.00624
151255,47.445,-97.635,0.00812
151756,47.445,-97.565,0.01279
152258,47.375,-97.575,0.01052
152758,47.38,-97.51,0.00986
153258,47.35,-97.5,0.01589
153759,47.325,-97.465,0.0157
154300,47.29,-97.445,0.01411
154800,47.24,-97.4,0.01017
155300,47.25,-97.415,0.01141
