225934,46.04,-109.495,-99900.0
230435,46.055,-109.435,-99900.0
230935,46.055,-109.375,-99900.0
231435,46.06,-109.3,-99900.0
231935,46.06,-109.24,-99900.0
232438,46.075,-109.18,-99900.0
232938,46.075,-109.12,-99900.0
233438,46.08,-109.055,-99900.0
233939,46.08,-108.995,-99900.0
234439,46.095,-108.935,-99900.0
234940,46.095,-108.875,-99900.0
235440,46.1,-108.815,-99900.0
235940,46.115,-108.74,-99900.0
000440,46.115,-108.68,-99900.0
000941,46.12,-108.62,-99900.0
001441,46.12,-108.56,-99900.0
001941,46.135,-108.495,-99900.0
002442,46.135,-108.435,-99900.0
002944,46.14,-108.375,-99900.0
003445,46.14,-108.315,-99900.0
003953,46.155,-108.24,-99900.0
004453,46.155,-108.18,-99900.0
