201426,39.56,-87.06,-0.00046
201929,39.585,-87.035,-99900.0
202431,39.6,-87.0,-99900.0
202931,39.62,-86.98,-99900.0
203431,39.615,-86.955,0.00222
203931,39.655,-86.92,-99900.0
204431,39.675,-86.895,-99900.0
204932,39.68,-86.875,0.00267
205437,39.705,-86.83,0.0002
205938,39.685,-86.815,0.00402
210440,39.705,-86.78,0.00334
210940,39.715,-86.755,0.0045
211440,39.735,-86.735,0.00471
211941,39.75,-86.7,0.00623
212443,39.77,-86.675,0.00419
212944,39.78,-86.62,0.00332
213445,39.8,-86.615,0.00462
213946,39.835,-86.565,0.00413
214449,39.845,-86.56,0.00488
214949,39.905,-86.535,0.00615
215449,39.905,-86.51,0.00952
215951,39.945,-86.48,0.00368
220451,39.945,-86.455,0.00965
220951,39.99,-86.42,0.0049
221451,39.985,-86.395,0.00861
221953,40.005,-86.375,0.01069
222454,40.035,-86.34,0.01264
222954,40.055,-86.315,0.00874
223455,40.085,-86.28,0.00685
223956,40.095,-86.26,0.00772
224457,40.09,-86.235,0.01353
224957,40.12,-86.2,0.01026
225457,40.125,-86.175,0.01219
225958,40.14,-86.14,0.00696
230501,40.155,-86.12,0.01337
231001,40.16,-86.095,0.01846
231501,40.17,-86.06,0.01089
232001,40.19,-86.02,0.00932
232502,40.19,-86.015,0.01184
233002,40.2,-85.98,0.0107
