191958,43.455,-91.835,0.0031
192501,43.535,-91.8,0.0033
193001,43.53,-91.715,0.00295
193501,43.615,-91.62,0.00337
194002,43.65,-91.615,0.00328
194502,43.65,-91.535,0.00527
195004,43.725,-91.455,0.00566
195504,43.76,-91.36,0.00222
200004,43.81,-91.27,0.00385
200505,43.855,-91.215,-99900.0
201005,43.865,-91.11,0.00165
201508,43.91,-90.995,0.00423
202008,43.905,-90.945,0.00673
202508,43.96,-90.9,0.00563
203008,43.985,-90.75,0.00522
203510,44.0,-90.715,0.01037
204010,44.05,-90.64,0.01085
204510,44.08,-90.59,0.01022
205010,44.12,-90.515,0.00799
