002017,39.87,-105.34,-99900.0
002520,39.86,-105.3,-99900.0
003021,39.855,-105.26,-99900.0
003523,39.84,-105.22,-99900.0
004024,39.82,-105.195,-99900.0
004524,39.815,-105.155,-99900.0
005027,39.8,-105.115,-99900.0
005528,39.795,-105.075,-99900.0
010028,39.78,-105.035,-99900.0
010531,39.775,-104.995,-99900.0
011032,39.76,-104.96,-99900.0
011532,39.755,-104.92,-99900.0
012033,39.735,-104.88,-99900.0
012536,39.725,-104.84,-99900.0
013040,39.715,-104.8,-99900.0
013541,39.7,-104.76,-99900.0
014042,39.69,-104.735,-99900.0
014542,39.68,-104.695,-99900.0
015043,39.675,-104.655,-99900.0
015543,39.66,-104.615,-99900.0
020043,39.64,-104.575,-99900.0
020543,39.635,-104.535,-99900.0
021044,39.62,-104.5,-99900.0
021544,39.615,-104.46,-99900.0
022044,39.6,-104.42,-99900.0
022544,39.595,-104.38,-99900.0
023045,39.585,-104.34,-99900.0
023545,39.575,-104.3,-99900.0
024045,39.55,-104.275,-99900.0
024545,39.545,-104.235,-99900.0
025048,39.535,-104.195,-99900.0
