212938,37.86,-86.76,0.00277
213438,37.88,-86.7,0.0032
213943,37.9,-86.7,0.00676
214443,37.915,-86.63,0.00914
214944,37.94,-86.545,0.01403
215444,37.96,-86.485,0.01124
215945,38.035,-86.49,0.01074
220447,38.005,-86.38,0.01662
220951,38.09,-86.345,0.01192
221456,38.085,-86.35,0.01163
221956,38.115,-86.315,0.0108
222457,38.09,-86.195,0.01406
222957,38.105,-86.135,0.01221
223457,38.13,-86.065,0.01226
223957,38.145,-86.02,0.01068
224459,38.165,-85.965,0.01182
224959,38.195,-85.92,0.01462
225459,38.215,-85.86,0.02039
225959,38.23,-85.835,0.00942
230459,38.255,-85.76,0.01261
230959,38.28,-85.725,0.01206
231500,38.315,-85.685,0.01076
232000,38.345,-85.655,0.01125
232500,38.345,-85.64,0.00768
233002,38.38,-85.595,0.00663
233502,38.38,-85.44,0.00538
234002,38.4,-85.455,0.00579
