222521,41.515,-82.765,0.00198
223022,41.49,-82.72,0.00141
223525,41.485,-82.66,0.00272
224025,41.47,-82.615,0.00581
224526,41.465,-82.555,0.00736
225026,41.47,-82.49,0.00622
225526,41.46,-82.455,0.00695
230026,41.445,-82.39,0.00522
230527,41.425,-82.34,0.00848
231027,41.43,-82.28,0.00709
231527,41.42,-82.225,0.00814
232028,41.415,-82.17,0.00528
232528,41.44,-82.1,0.00468
233028,41.445,-82.075,0.00546
233528,41.435,-81.95,0.00465
234028,41.435,-81.93,0.00352
234529,41.47,-81.885,0.00536
235029,41.48,-81.8,0.00415
235532,41.435,-81.71,0.0055
000035,41.465,-81.68,0.00418
000536,41.46,-81.625,0.00522
001036,41.46,-81.625,0.00522
001536,41.36,-81.56,0.00891
002037,41.45,-81.505,0.00348
002538,41.45,-81.425,0.00366
003040,41.405,-81.415,0.00423
003546,41.405,-81.36,0.0043
004046,41.405,-81.31,0.00939
004546,41.405,-81.21,0.00886
005047,41.385,-81.2,0.00405
005547,41.365,-81.155,0.00819
010047,41.36,-81.095,0.0052
