003028,47.755,-98.26,-99900.0
003531,47.755,-98.215,-99900.0
004031,47.755,-98.175,-99900.0
004531,47.755,-98.12,-99900.0
005033,47.755,-98.075,-99900.0
005536,47.755,-98.02,-99900.0
010036,47.755,-97.98,-99900.0
010537,47.755,-97.935,-99900.0
011037,47.755,-97.88,-99900.0
011538,47.76,-97.84,-99900.0
012041,47.76,-97.795,-99900.0
012542,47.76,-97.74,-99900.0
013045,47.76,-97.695,-99900.0
013545,47.76,-97.655,-99900.0
014045,47.76,-97.6,-99900.0
014545,47.76,-97.555,-99900.0
015046,47.76,-97.515,-99900.0
015546,47.76,-97.46,-99900.0
020046,47.76,-97.415,-99900.0
020547,47.665,-97.32,0.00108
021047,47.665,-97.32,0.00108
021548,47.76,-97.275,-99900.0
022048,47.76,-97.22,-99900.0
022549,47.76,-97.175,-99900.0
023049,47.775,-97.135,-99900.0
023549,47.775,-97.08,-99900.0
024049,47.775,-97.035,-99900.0
024550,47.775,-96.995,-99900.0
025051,47.775,-96.94,-99900.0
025551,47.775,-96.895,-99900.0
030051,47.775,-96.84,-99900.0
030552,47.775,-96.8,-99900.0
