001019,44.92,-93.92,0.00228
001520,44.905,-93.8,0.00311
002020,44.905,-93.8,0.00311
002520,44.8,-93.79,0.00586
003020,44.78,-93.78,0.0082
003521,44.745,-93.715,0.00547
004021,44.71,-93.675,0.00636
004523,44.685,-93.645,0.00674
005024,44.665,-93.715,0.00709
005525,44.65,-93.68,0.00917
010025,44.63,-93.66,0.00864
010525,44.605,-93.635,0.00783
011025,44.59,-93.615,0.01142
011527,44.565,-93.57,0.00836
012027,44.515,-93.555,0.0102
012529,44.47,-93.535,0.01104
013030,44.46,-93.5,0.0079
013530,44.445,-93.475,0.00749
014032,44.46,-93.415,0.00642
014535,44.41,-93.36,0.00461
015035,44.305,-93.395,0.00418
015535,44.31,-93.375,0.00394
020040,44.26,-93.315,0.00509
020541,44.225,-93.3,0.00481
