195924,32.83,-87.535,0.00728
200425,32.845,-87.475,0.0066
200925,32.905,-87.32,0.00666
201426,32.87,-87.34,0.0107
201929,32.905,-87.26,0.00873
202431,32.915,-87.125,0.00833
202931,32.92,-87.12,0.01035
203431,32.92,-87.05,0.01235
203931,32.905,-86.985,0.0122
204431,32.865,-86.975,0.01228
204932,32.915,-86.905,0.01135
205437,32.875,-86.845,0.00908
205938,32.905,-86.765,0.0116
210440,32.92,-86.71,0.00955
210940,32.895,-86.65,0.01102
211440,32.89,-86.56,0.01036
211941,32.9,-86.5,0.00924
212443,32.885,-86.45,0.01325
212944,32.89,-86.38,0.01434
213445,32.89,-86.335,0.01115
213946,32.875,-86.25,0.01254
214449,32.875,-86.185,0.00844
214949,32.875,-86.135,0.00757
