230010,35.05,-93.02,-99900.0
230512,35.045,-93.0,-99900.0
231013,35.035,-92.98,-99900.0
231515,35.02,-92.975,-99900.0
232015,35.0,-92.955,-99900.0
232517,34.995,-92.935,-99900.0
233019,34.98,-92.915,-99900.0
233520,34.975,-92.9,-99900.0
234020,34.96,-92.88,-99900.0
234520,34.955,-92.86,-99900.0
235025,34.935,-92.84,-99900.0
235530,34.92,-92.82,-99900.0
000030,34.915,-92.815,-99900.0
000530,34.905,-92.795,-99900.0
001031,34.895,-92.775,-99900.0
001534,34.88,-92.755,-99900.0
002034,34.87,-92.74,-99900.0
002536,34.855,-92.72,-99900.0
003041,34.84,-92.7,-99900.0
003541,34.835,-92.68,-99900.0
004041,34.82,-92.675,-99900.0
004541,34.815,-92.655,-99900.0
005041,34.8,-92.635,-99900.0
005543,34.795,-92.615,-99900.0
010044,34.775,-92.595,-99900.0
010551,34.76,-92.58,-99900.0
011053,34.755,-92.56,-99900.0
011554,34.74,-92.54,-99900.0
012054,34.735,-92.52,-99900.0
012554,34.725,-92.515,-99900.0
013054,34.715,-92.495,-99900.0
013554,34.69,-92.475,-99900.0
014054,34.68,-92.455,-99900.0
014554,34.675,-92.435,-99900.0
015054,34.66,-92.42,-99900.0
015555,34.655,-92.4,-99900.0
020055,34.64,-92.38,-99900.0
020556,34.62,-92.36,-99900.0
021101,34.615,-92.355,-99900.0
021602,34.6,-92.335,-99900.0
