003541,32.935,-97.1,-99900.0
004041,32.905,-97.1,-99900.0
004541,32.87,-97.115,-99900.0
005041,32.855,-97.115,-99900.0
005543,32.82,-97.115,-99900.0
010044,32.795,-97.12,-99900.0
010551,32.76,-97.12,-99900.0
011053,32.735,-97.12,-99900.0
011554,32.7,-97.135,-99900.0
012054,32.68,-97.135,-99900.0
012554,32.655,-97.135,-99900.0
013054,32.62,-97.135,-99900.0
013554,32.595,-97.14,-99900.0
014054,32.56,-97.14,-99900.0
014554,32.545,-97.14,-99900.0
015054,32.51,-97.155,-99900.0
015555,32.48,-97.155,-99900.0
020055,32.455,-97.155,-99900.0
020556,32.42,-97.16,-99900.0
021101,32.395,-97.16,-99900.0
021602,32.37,-97.16,-99900.0
022103,32.34,-97.175,-99900.0
