234430,37.36,-99.915,-99900.0
234934,37.395,-99.895,-99900.0
235434,37.42,-99.86,-99900.0
235934,37.455,-99.84,-99900.0
000434,37.48,-99.82,-99900.0
000935,37.51,-99.795,-99900.0
001437,37.535,-99.775,-99900.0
001938,37.56,-99.755,-99900.0
002439,37.595,-99.735,-99900.0
002940,37.62,-99.7,-99900.0
003440,37.655,-99.68,-99900.0
003945,37.68,-99.66,-99900.0
004445,37.715,-99.635,-99900.0
004945,37.74,-99.615,-99900.0
005448,37.775,-99.595,-99900.0
005952,37.8,-99.56,-99900.0
010452,37.835,-99.54,-99900.0
010953,37.86,-99.52,-99900.0
011454,37.88,-99.5,-99900.0
011954,37.915,-99.475,-99900.0
012454,37.94,-99.455,-99900.0
012956,37.975,-99.435,-99900.0
013456,38.0,-99.4,-99900.0
