020058,38.415,-96.555,-99900.0
020558,38.41,-96.54,0.00272
021058,38.41,-96.54,0.00272
021600,38.495,-96.47,0.00565
022101,38.515,-96.455,0.00342
022604,38.575,-96.505,0.00302
023106,38.595,-96.445,0.00236
023607,38.645,-96.415,0.00476
024110,38.685,-96.44,0.0052
024610,38.82,-96.44,0.0035
025110,38.82,-96.44,0.0035
025610,38.92,-96.47,0.00173
030110,38.915,-96.475,0.00328
030611,39.0,-96.44,0.00276
031113,38.97,-96.405,0.00323
031613,39.06,-96.415,0.00992
032114,39.155,-96.345,0.00625
032615,39.14,-96.34,0.00765
033115,39.16,-96.36,0.0017
033615,39.295,-96.42,-99900.0
034115,39.34,-96.415,-99900.0
034615,39.395,-96.4,-99900.0
035119,39.435,-96.4,-99900.0
035619,39.48,-96.395,-99900.0
040119,39.45,-96.285,0.00021
040624,39.575,-96.38,-99900.0
