000004,37.1,-100.34,-99900.0
000506,37.14,-100.335,-99900.0
001006,37.18,-100.335,-99900.0
001506,37.235,-100.32,-99900.0
002006,37.275,-100.315,-99900.0
002507,37.315,-100.315,-99900.0
003007,37.355,-100.3,-99900.0
003509,37.405,-100.295,-99900.0
004009,37.44,-100.295,-99900.0
004509,37.48,-100.28,-99900.0
005011,37.52,-100.275,-99900.0
005513,37.575,-100.275,-99900.0
010016,37.615,-100.26,-99900.0
010516,37.655,-100.255,-99900.0
011019,37.69,-100.255,-99900.0
011519,37.74,-100.24,-99900.0
012019,37.78,-100.235,-99900.0
012520,37.82,-100.235,-99900.0
013022,37.86,-100.22,-99900.0
013526,37.915,-100.215,-99900.0
014026,37.955,-100.215,-99900.0
014526,37.995,-100.2,-99900.0
015028,38.035,-100.195,-99900.0
015528,38.085,-100.195,-99900.0
020030,38.12,-100.18,-99900.0
020530,38.16,-100.175,-99900.0
021030,38.2,-100.175,-99900.0
021530,38.255,-100.16,-99900.0
022031,38.295,-100.155,-99900.0
022533,38.335,-100.155,-99900.0
023033,38.37,-100.14,-99900.0
023538,38.42,-100.135,-99900.0
024038,38.46,-100.135,-99900.0
