200421,48.065,-97.91,0.00838
200921,48.06,-97.87,0.01185
201422,48.04,-97.825,0.00949
201922,48.005,-97.76,0.00898
202426,48.025,-97.72,0.00626
202926,47.965,-97.655,0.00521
203431,47.965,-97.6,0.00466
203932,47.945,-97.555,0.00772
204432,47.93,-97.46,0.005
204932,47.945,-97.345,0.0046
205432,47.88,-97.365,0.00263
205932,47.875,-97.31,0.00322
210432,47.86,-97.24,0.00254
210935,47.845,-97.17,0.00353
211435,47.91,-97.135,0.00174
211936,47.805,-97.035,0.00051
212437,47.81,-96.955,0.00103
212937,47.81,-96.955,0.00103
213437,47.835,-96.88,0.00204
213937,47.78,-96.835,0.00197
214438,47.745,-96.78,0.0089
214942,47.765,-96.72,0.00392
215442,47.755,-96.65,0.0032
215942,47.73,-96.595,0.0029
220442,47.76,-96.53,0.00247
220942,47.68,-96.435,0.00431
