185839,39.245,-77.715,0.00314
190346,39.205,-77.67,0.0021
190846,39.28,-77.645,0.00305
191348,39.2,-77.58,0.00456
191849,39.2,-77.58,0.00456
192352,39.275,-77.57,0.00401
192852,39.28,-77.54,0.00434
193353,39.28,-77.515,0.00577
193854,39.29,-77.43,0.00573
194355,39.28,-77.395,0.00727
194855,39.28,-77.375,0.00749
195356,39.295,-77.36,0.00838
195901,39.265,-77.315,0.00619
200402,39.275,-77.31,0.00952
200906,39.27,-77.26,0.00855
201406,39.27,-77.2,0.00765
201906,39.255,-77.175,0.00648
202406,39.24,-77.16,0.00715
202906,39.25,-77.135,0.00766
203406,39.235,-77.11,0.0087
203906,39.22,-77.09,0.01001
204406,39.215,-77.04,0.0104
204906,39.215,-77.015,0.00807
205407,39.215,-76.99,0.00807
205907,39.225,-76.96,0.00794
210407,39.23,-76.9,0.00537
210907,39.23,-76.9,0.0054
211408,39.235,-76.87,0.00623
211909,39.23,-76.835,0.0069
212409,39.245,-76.78,0.00483
