003600,44.235,-103.315,-99900.0
004103,44.22,-103.315,-99900.0
004604,44.215,-103.315,-99900.0
005105,44.2,-103.3,-99900.0
005608,44.2,-103.3,-99900.0
010108,44.195,-103.3,-99900.0
010608,44.18,-103.3,-99900.0
011111,44.175,-103.3,-99900.0
011611,44.16,-103.295,-99900.0
012112,44.155,-103.295,-99900.0
012613,44.155,-103.295,-99900.0
013118,44.14,-103.295,-99900.0
013618,44.135,-103.295,-99900.0
014118,44.12,-103.28,-99900.0
014619,44.115,-103.28,-99900.0
015120,44.1,-103.28,-99900.0
015621,44.095,-103.28,-99900.0
020121,44.095,-103.28,-99900.0
020622,44.08,-103.275,-99900.0
021122,44.075,-103.275,-99900.0
