233614,35.095,-86.895,0.0
234115,35.12,-86.88,-99900.0
234615,35.12,-86.815,-99900.0
235115,35.03,-86.66,0.00035
235620,35.045,-86.605,0.00237
000120,35.11,-86.525,0.00435
000620,35.06,-86.47,0.00586
001120,35.08,-86.435,0.00636
001622,35.045,-86.43,0.00487
002124,35.055,-86.305,0.00349
002624,35.105,-86.31,0.00525
003127,35.045,-86.205,0.00619
003628,35.06,-86.155,0.00898
004129,35.1,-86.09,0.00721
004630,35.115,-86.06,0.00747
005131,35.13,-85.995,0.00672
005631,35.05,-85.855,0.01752
010132,35.05,-85.795,0.00918
010634,35.07,-85.715,0.01397
011134,35.07,-85.715,0.01397
011634,35.075,-85.595,0.01287
012135,35.075,-85.595,0.01287
012638,35.08,-85.475,0.01699
013138,35.1,-85.4,0.00863
013639,35.1,-85.4,0.00863
014140,35.11,-85.275,0.0045
