230523,39.9,-89.635,0.0079
231024,39.91,-89.625,0.00856
231525,39.92,-89.62,0.0087
232027,39.935,-89.6,0.00797
232527,39.965,-89.575,0.00606
233027,39.975,-89.55,0.00766
233528,39.98,-89.535,0.00778
234030,40.005,-89.51,0.00748
234531,40.035,-89.485,0.0043
235031,40.045,-89.435,0.00541
235535,40.07,-89.45,0.0055
000035,40.045,-89.45,0.00456
000535,40.08,-89.425,0.00341
001036,40.105,-89.38,0.00473
001536,40.095,-89.41,0.00423
002036,40.11,-89.41,0.00471
002537,40.13,-89.4,0.00213
003037,40.235,-89.395,-99900.0
003537,40.205,-89.315,0.0023
004038,40.21,-89.33,0.00634
004544,40.21,-89.33,0.00629
005048,40.245,-89.295,0.00435
005548,40.255,-89.305,0.00195
010048,40.275,-89.245,0.00287
010551,40.295,-89.25,0.00254
011051,40.31,-89.235,0.00282
011552,40.3,-89.24,0.00375
012053,40.31,-89.22,0.00539
012553,40.345,-89.21,0.00482
