195947,32.595,-99.675,0.00896
200450,32.665,-99.66,0.00306
200952,32.65,-99.655,0.00532
201453,32.685,-99.64,0.0066
201953,32.705,-99.59,0.00338
202454,32.74,-99.615,0.00203
202954,32.735,-99.59,0.00198
203454,32.755,-99.55,0.00602
203958,32.755,-99.54,0.00773
204500,32.765,-99.54,0.00808
205000,32.785,-99.525,0.00827
205500,32.81,-99.515,0.00314
210000,32.825,-99.52,0.00279
210505,32.845,-99.48,0.00553
211007,32.87,-99.46,0.00274
211508,32.89,-99.435,0.00331
212008,32.9,-99.455,0.0056
212508,32.955,-99.425,0.00337
213009,32.955,-99.425,0.00337
213510,32.955,-99.425,0.00337
214010,32.985,-99.41,0.00285
214512,33.025,-99.41,0.0028
215012,33.02,-99.365,0.00317
215512,33.04,-99.365,0.00218
220012,33.065,-99.405,0.00218
220514,33.09,-99.385,0.00264
221017,33.095,-99.385,0.00261
221521,33.105,-99.32,0.00624
222021,33.135,-99.34,0.00187
222521,33.155,-99.3,0.00251
223021,33.17,-99.29,0.00622
223523,33.185,-99.275,0.00552
