000000,38.735,-101.755,-99900.0
000501,38.755,-101.74,-99900.0
001001,38.775,-101.72,-99900.0
001502,38.795,-101.715,-99900.0
002002,38.815,-101.7,-99900.0
002502,38.82,-101.695,-99900.0
003005,38.84,-101.675,-99900.0
003506,38.86,-101.66,-99900.0
004006,38.88,-101.655,-99900.0
004508,38.905,-101.64,-99900.0
005009,38.92,-101.62,-99900.0
005509,38.94,-101.615,-99900.0
010009,38.955,-101.6,-99900.0
010509,38.975,-101.58,-99900.0
011009,38.995,-101.575,-99900.0
011509,39.01,-101.56,-99900.0
012009,39.035,-101.555,-99900.0
012511,39.05,-101.535,-99900.0
013011,39.075,-101.52,-99900.0
013512,39.095,-101.515,-99900.0
014013,39.115,-101.5,-99900.0
014514,39.12,-101.48,-99900.0
015015,39.14,-101.475,-99900.0
015515,39.16,-101.46,-99900.0
020015,39.18,-101.455,-99900.0
020521,39.2,-101.435,-99900.0
021021,39.225,-101.42,-99900.0
021522,39.24,-101.415,-99900.0
022022,39.255,-101.395,-99900.0
022523,39.275,-101.38,-99900.0
023024,39.295,-101.375,-99900.0
023525,39.315,-101.36,-99900.0
024027,39.335,-101.34,-99900.0
024527,39.355,-101.335,-99900.0
025027,39.37,-101.32,-99900.0
025532,39.395,-101.315,-99900.0
030033,39.405,-101.295,-99900.0
030533,39.42,-101.28,-99900.0
031034,39.44,-101.275,-99900.0
031537,39.46,-101.255,-99900.0
032037,39.48,-101.24,-99900.0
032537,39.5,-101.235,-99900.0
033038,39.52,-101.22,-99900.0
033539,39.545,-101.2,-99900.0
034040,39.55,-101.195,-99900.0
034541,39.575,-101.18,-99900.0
035042,39.595,-101.175,-99900.0
035550,39.615,-101.155,-99900.0
