214945,29.79,-95.445,0.00458
215448,29.75,-95.48,0.00574
215948,29.745,-95.48,0.00615
220448,29.745,-95.485,0.00533
220950,29.745,-95.5,0.00457
221450,29.73,-95.58,0.00268
221950,29.73,-95.55,0.00231
222450,29.71,-95.575,0.0066
222951,29.68,-95.585,0.0037
223451,29.685,-95.585,0.00345
223953,29.685,-95.585,0.00345
224458,29.665,-95.615,0.00227
225003,29.645,-95.62,0.00234
225506,29.66,-95.65,0.00498
230008,29.655,-95.65,0.00586
230511,29.655,-95.665,0.00539
231011,29.655,-95.665,0.00521
231511,29.655,-95.665,0.00521
232016,29.61,-95.685,0.00252
232517,29.575,-95.745,0.00418
