010523,44.215,-103.435,-99900.0
011023,44.195,-103.4,-99900.0
011525,44.175,-103.375,-99900.0
012025,44.155,-103.34,-99900.0
012525,44.12,-103.315,-99900.0
013026,44.1,-103.28,-99900.0
013526,44.08,-103.255,-99900.0
014026,44.06,-103.22,-99900.0
014526,44.04,-103.195,-99900.0
015027,44.02,-103.16,-99900.0
015528,44.0,-103.135,-99900.0
020030,43.975,-103.115,-99900.0
020530,43.955,-103.08,-99900.0
021030,43.935,-103.055,-99900.0
021531,43.915,-103.02,-99900.0
022031,43.895,-102.995,-99900.0
022531,43.875,-102.96,-99900.0
023031,43.855,-102.935,-99900.0
023531,43.835,-102.9,-99900.0
024031,43.8,-102.875,-99900.0
024535,43.78,-102.84,-99900.0
025037,43.76,-102.815,-99900.0
