231958,38.74,-101.82,-99900.0
232458,38.78,-101.815,-99900.0
233001,38.815,-101.815,-99900.0
233502,38.855,-101.8,-99900.0
234003,38.895,-101.795,-99900.0
234504,38.92,-101.795,-99900.0
235004,38.96,-101.78,-99900.0
235504,38.995,-101.775,-99900.0
000004,39.035,-101.775,-99900.0
000506,39.075,-101.76,-99900.0
001006,39.1,-101.755,-99900.0
001506,39.14,-101.74,-99900.0
002006,39.18,-101.74,-99900.0
002507,39.215,-101.735,-99900.0
003007,39.255,-101.72,-99900.0
003509,39.28,-101.72,-99900.0
004009,39.32,-101.715,-99900.0
004509,39.36,-101.7,-99900.0
005011,39.395,-101.7,-99900.0
005513,39.435,-101.695,-99900.0
010016,39.475,-101.68,-99900.0
010516,39.5,-101.68,-99900.0
011019,39.545,-101.675,-99900.0
011519,39.575,-101.66,-99900.0
012019,39.615,-101.66,-99900.0
012520,39.655,-101.655,-99900.0
013022,39.68,-101.64,-99900.0
013526,39.725,-101.635,-99900.0
014026,39.76,-101.635,-99900.0
014526,39.795,-101.62,-99900.0
015028,39.835,-101.615,-99900.0
015528,39.86,-101.615,-99900.0
020030,39.905,-101.6,-99900.0
020530,39.94,-101.595,-99900.0
021030,39.975,-101.595,-99900.0
