033049,37.25,-100.54,0.00757
033549,37.265,-100.485,0.00838
034049,37.3,-100.485,0.01228
034549,37.325,-100.44,0.01319
035049,37.365,-100.395,0.00872
035551,37.4,-100.355,0.0271
040052,37.44,-100.33,0.01001
040552,37.465,-100.325,0.00752
041053,37.505,-100.3,0.00751
041558,37.63,-100.22,0.00862
042059,37.58,-100.235,0.00641
042603,37.605,-100.195,0.01091
043103,37.69,-100.16,0.00938
043603,37.68,-100.11,0.00687
044103,37.725,-100.115,0.00873
044608,37.81,-100.04,0.00723
045110,37.775,-100.05,0.00905
045610,37.83,-100.02,0.00565
050110,37.845,-100.0,0.00626
050610,37.955,-99.975,0.00673
