175925,44.575,-94.045,0.00406
180426,44.61,-94.015,0.00533
180927,44.63,-93.97,0.00616
181427,44.65,-93.94,0.00479
181927,44.73,-93.865,0.00319
182431,44.715,-93.825,0.00688
182934,44.74,-93.8,0.00383
183435,44.84,-93.72,0.00448
183937,44.815,-93.705,0.00426
184438,44.895,-93.65,0.00423
184938,44.925,-93.62,0.00768
185440,44.94,-93.59,0.01066
185940,44.985,-93.54,0.00679
190444,45.02,-93.5,0.00571
190945,44.98,-93.455,0.00491
191445,45.02,-93.375,0.00869
191945,45.04,-93.375,0.01131
192446,45.07,-93.305,0.00473
192949,45.1,-93.27,0.00935
193449,45.125,-93.235,0.00632
