223458,45.245,-94.26,0.00198
223958,45.245,-94.26,0.00198
224458,45.2,-94.235,0.00263
224958,45.16,-94.16,0.00241
225501,45.155,-94.16,0.00451
230005,45.115,-94.12,0.00425
230505,45.15,-94.095,0.00342
231005,45.055,-94.035,0.00269
231505,45.045,-94.015,0.00297
232007,45.005,-93.91,0.0019
232508,44.995,-93.94,0.00797
233008,44.985,-93.895,0.00601
233509,44.97,-93.85,0.00764
234009,44.905,-93.795,0.00272
234509,44.89,-93.795,0.00398
235013,44.86,-93.66,0.00275
235516,44.86,-93.655,0.00315
000016,44.815,-93.665,0.00307
000516,44.775,-93.595,0.00485
